342.9576 328.3169 339.1745 313.0983 309.4252
335.5654 314.2879 351.3165 355.7269 319.996
333.2641 341.3658 347.6974 321.063 355.7201
349.3422 375.637 322.5204 359.237 294.54
291.2032 323.2558 347.7986 340.4301 356.1477
365.6 385.5557 346.852 342.4837 329.7101
282.6592 364.6613 327.72 331.8679 344.6994
334.0826 377.7501 343.5115 318.4038 333.8384
294.7046 332.0743 338.0644 311.6075 324.5996
338.8521 308.2889 341.6815 325.4131 360.6547
287.6825 343.9029 344.4851 333.3816 342.2885
379.7222 335.857 398.4384 326.6711 321.2579
314.4992 317.2545 306.1075 373.3844 365.1993
381.6232 355.1824 322.9991 367.0002 317.0624
350.7671 344.9724 341.8807 392.8807 364.0665
313.5569 326.6391 304.6129 348.267 365.8537
302.0449 341.5489 339.004 331.27 328.1466
327.4296 323.0407 348.4243 357.5649 336.2924
318.2589 320.7886 366.4868 314.0107 363.7224
362.8042 326.2983 327.4296 344.6528 352.627
351.4899 350.4256 338.4383 366.2755 344.6888
321.2579 304.9173 372.0438 332.6002 312.5005
319.8725 377.1757 389.3009 351.9086 365.004
329.3452 277.5781
